[gd_scene format=3 uid="uid://b45fdic3c686"]

[ext_resource type="PackedScene" uid="uid://bef1tnj045a53" path="res://Low Poly Christmas Asset Pack/Kyle Fuji/Prefabs/wreath_1.tscn" id="7_0tpak"]
[ext_resource type="PackedScene" uid="uid://da465vsggndok" path="res://Low Poly Christmas Asset Pack/Kyle Fuji/Prefabs/wreath_2.tscn" id="8_v7jay"]
[ext_resource type="PackedScene" uid="uid://cvybcwab5hjyt" path="res://Low Poly Christmas Asset Pack/Kyle Fuji/Prefabs/wreath_3.tscn" id="9_2erv0"]

[sub_resource type="PlaneMesh" id="PlaneMesh_s4p8f"]

[sub_resource type="Environment" id="Environment_xuito"]
background_mode = 1
background_color = Color(0, 0.078431375, 0.20784314, 1)
fog_enabled = true
fog_mode = 1
fog_light_color = Color(0, 0.078431375, 0.20784314, 1)
fog_density = 1.0
fog_depth_begin = 0.0
volumetric_fog_enabled = true
volumetric_fog_albedo = Color(0, 0.078431375, 0.20784314, 1)
volumetric_fog_emission = Color(0, 0.078431375, 0.20784314, 1)

[node name="ChristmasScene" type="Node3D"]

[node name="MeshInstance3D" type="MeshInstance3D" parent="."]
transform = Transform3D(159.90283, 0, 0, 0, 17.793226, 0, 0, 0, 174.13705, -5.7568874, 0, -1.0098592)
mesh = SubResource("PlaneMesh_s4p8f")

[node name="DirectionalLight3D" type="DirectionalLight3D" parent="."]
transform = Transform3D(1, 0, 0, 0, -4.371139e-08, 1, 0, -1, -4.371139e-08, 0.32436502, 1.7088081, -0.0018883348)
light_color = Color(0.32156864, 0.34901962, 0.85882354, 1)

[node name="WorldEnvironment" type="WorldEnvironment" parent="."]
environment = SubResource("Environment_xuito")

[node name="SpotLight3D" type="SpotLight3D" parent="."]
transform = Transform3D(1.9106855e-15, -1, -4.371139e-08, -4.371139e-08, -4.371139e-08, 1, -1, 0, -4.371139e-08, -2.8506894, 4.0928288, 0.07495606)
spot_range = 19.185455
spot_angle = 65.63662

[node name="SpotLight3D2" type="SpotLight3D" parent="."]
transform = Transform3D(1.9106855e-15, -1, -4.371139e-08, -4.371139e-08, -4.371139e-08, 1, -1, 0, -4.371139e-08, -0.52600956, 4.0928288, 1.5398663)
shadow_enabled = true
spot_range = 19.185455
spot_angle = 65.63662

[node name="SpotLight3D4" type="SpotLight3D" parent="."]
transform = Transform3D(0.49999997, -0.2241439, 0.8365163, -1.1313344e-08, 0.9659258, 0.2588191, -0.8660254, -0.12940955, 0.4829629, 2.3449452, 1.5047305, 2.3844833)
spot_range = 19.185455
spot_angle = 65.63662

[node name="SpotLight3D5" type="SpotLight3D" parent="."]
transform = Transform3D(-0.50000006, -0.2241439, 0.8365163, -1.1313345e-08, 0.9659258, 0.2588191, -0.8660254, 0.12940957, -0.48296297, 2.2381668, 1.5047305, -2.608389)
spot_range = 19.185455
spot_angle = 65.63662

[node name="SpotLight3D3" type="SpotLight3D" parent="."]
transform = Transform3D(1.9106855e-15, -1, -4.371139e-08, -4.371139e-08, -4.371139e-08, 1, -1, 0, -4.371139e-08, -0.19177282, 4.0928288, -1.7561308)
spot_range = 19.185455
spot_angle = 65.63662

[node name="Camera3D" type="Camera3D" parent="."]
transform = Transform3D(0.023597155, -0.10370735, 0.9943279, 0, 0.9946048, 0.10373624, -0.9997216, -0.0024478799, 0.023469845, -0.11865902, 0.6092916, 0.1027471)

[node name="wreath_1" parent="." instance=ExtResource("7_0tpak")]
transform = Transform3D(-1.4579687, 0, 1.2745967e-07, 0, 1.4579687, 0, -1.2745967e-07, 0, -1.4579687, -1.0472871, 0.38836706, 0.85264575)

[node name="wreath_2" parent="." instance=ExtResource("8_v7jay")]
transform = Transform3D(-1.4579687, 0, 1.2745967e-07, 0, 1.4579687, 0, -1.2745967e-07, 0, -1.4579687, -1.0472871, 0.38836706, 0.10050186)

[node name="wreath_3" parent="." instance=ExtResource("9_2erv0")]
transform = Transform3D(-1.4579687, 0, 1.2745967e-07, 0, 1.4579687, 0, -1.2745967e-07, 0, -1.4579687, -1.0472871, 0.38836706, -0.6565041)
