[gd_scene format=3 uid="uid://u1b6sjjkuto0"]

[ext_resource type="PackedScene" uid="uid://dhpd2ysaoo2ng" path="res://Low Poly Christmas Asset Pack/Kyle Fuji/Prefabs/christmas_tree_1.tscn" id="2_q6ojo"]
[ext_resource type="PackedScene" uid="uid://cmrvyjrrvtshe" path="res://Low Poly Christmas Asset Pack/Kyle Fuji/Prefabs/christmas_tree_2.tscn" id="3_047w6"]
[ext_resource type="PackedScene" uid="uid://r6wtl5gxmxqp" path="res://Low Poly Christmas Asset Pack/Kyle Fuji/Prefabs/tree_1.tscn" id="3_c25vx"]
[ext_resource type="PackedScene" uid="uid://daatv6mahgx5l" path="res://Low Poly Christmas Asset Pack/Kyle Fuji/Prefabs/tree_2.tscn" id="4_3sk6y"]

[sub_resource type="PlaneMesh" id="PlaneMesh_s4p8f"]

[sub_resource type="Environment" id="Environment_xuito"]
background_mode = 1
background_color = Color(0, 0.078431375, 0.20784314, 1)
fog_enabled = true
fog_mode = 1
fog_light_color = Color(0, 0.078431375, 0.20784314, 1)
fog_density = 1.0
fog_depth_begin = 0.0
volumetric_fog_enabled = true
volumetric_fog_albedo = Color(0, 0.078431375, 0.20784314, 1)
volumetric_fog_emission = Color(0, 0.078431375, 0.20784314, 1)

[node name="ChristmasScene" type="Node3D"]

[node name="MeshInstance3D" type="MeshInstance3D" parent="."]
transform = Transform3D(159.90283, 0, 0, 0, 17.793226, 0, 0, 0, 174.13705, -5.7568874, 0, -1.0098592)
mesh = SubResource("PlaneMesh_s4p8f")

[node name="DirectionalLight3D" type="DirectionalLight3D" parent="."]
transform = Transform3D(1, 0, 0, 0, -4.371139e-08, 1, 0, -1, -4.371139e-08, 0.32436502, 5.271061, -0.0018883348)
light_color = Color(0.32156864, 0.34901962, 0.85882354, 1)

[node name="WorldEnvironment" type="WorldEnvironment" parent="."]
environment = SubResource("Environment_xuito")

[node name="SpotLight3D" type="SpotLight3D" parent="."]
transform = Transform3D(1.9106855e-15, -1, -4.371139e-08, -4.371139e-08, -4.371139e-08, 1, -1, 0, -4.371139e-08, -2.8506894, 4.0928288, 0.07495606)
spot_range = 19.185455
spot_angle = 65.63662

[node name="SpotLight3D2" type="SpotLight3D" parent="."]
transform = Transform3D(1.9106855e-15, -1, -4.371139e-08, -4.371139e-08, -4.371139e-08, 1, -1, 0, -4.371139e-08, -0.52600956, 4.0928288, 1.5398663)
shadow_enabled = true
spot_range = 19.185455
spot_angle = 65.63662

[node name="SpotLight3D4" type="SpotLight3D" parent="."]
transform = Transform3D(0.49999997, -0.2241439, 0.8365163, -1.1313344e-08, 0.9659258, 0.2588191, -0.8660254, -0.12940955, 0.4829629, 2.3449452, 1.5047305, 2.3844833)
spot_range = 19.185455
spot_angle = 65.63662

[node name="SpotLight3D5" type="SpotLight3D" parent="."]
transform = Transform3D(-0.50000006, -0.2241439, 0.8365163, -1.1313345e-08, 0.9659258, 0.2588191, -0.8660254, 0.12940957, -0.48296297, 2.2381668, 1.5047305, -2.608389)
spot_range = 19.185455
spot_angle = 65.63662

[node name="SpotLight3D3" type="SpotLight3D" parent="."]
transform = Transform3D(1.9106855e-15, -1, -4.371139e-08, -4.371139e-08, -4.371139e-08, 1, -1, 0, -4.371139e-08, -0.19177282, 4.0928288, -1.7561308)
spot_range = 19.185455
spot_angle = 65.63662

[node name="Camera3D" type="Camera3D" parent="."]
transform = Transform3D(-0.02439476, -0.111398906, 0.99347633, 0, 0.9937721, 0.11143207, -0.99970245, 0.0027183583, -0.024242831, 1.697068, 1.267556, -0.12278716)

[node name="christmas_tree_2" parent="." instance=ExtResource("2_q6ojo")]
transform = Transform3D(-0.16699252, 0, 0.98595816, 0, 1, 0, -0.98595816, 0, -0.16699252, -0.9428482, -2.3841858e-07, 0.72148263)

[node name="christmas_tree_3" parent="." instance=ExtResource("3_047w6")]
transform = Transform3D(0.13718519, 0, 0.99054545, 0, 1, 0, -0.99054545, 0, 0.13718519, -1.014395, 0, -0.8715193)

[node name="tree_1" parent="." instance=ExtResource("3_c25vx")]
transform = Transform3D(-0.25881904, 0, -0.9659258, 0, 1, 0, 0.9659258, 0, -0.25881904, -0.5940274, 0, 2.13359)

[node name="tree_2" parent="." instance=ExtResource("4_3sk6y")]
transform = Transform3D(1, 0, 0, 0, 1, 0, 0, 0, 1, -0.5541754, 0, -2.2347417)
